82 84 85 87 90 92 93 91
7 10 12 14 17 19 22 22
66 68 69 72 74 78
10 11 13 14 17 18 25
34 36 39 41 43 42 44
46 48 51 53 54 56 56 59
17 19 20 21 23 24 29 27
71 69 70 71 72 75
30 30 31 32 35 38 41
51 55 57 59 60
27 31 29 32 33 36 39 40
68 73 74 75 77 78
76 75 73 72 69 72
45 42 41 39 38 38
82 81 79 76 74 70
49 47 44 41 38 35 34 29
51 48 45 42 43 40 39 36
36 35 34 34 32
47 49 47 44 42 41 40
25 25 22 21 18 16 13
58 54 51 48 47
94 89 88 85 83 81 80 77
17 18 19 21 22 23 27
67 67 68 69 70
79 79 77 76 75
60 55 57 56 53 51 50 47
83 81 80 77 75 74 76 72
15 11 12 9 7 4 1
59 53 52 50 47 46 43
72 76 79 80 83 85 87 90
